0 0.04 0.04
1 0.0399838 0.0400162
2 0.039935 0.040065
3 0.0398538 0.0401465
4 0.03974 0.0402608
5 0.0395936 0.0404083
6 0.0394146 0.0405893
7 0.039203 0.0408044
8 0.0389586 0.041054
9 0.0386815 0.0413388
10 0.0383715 0.0416595
11 0.0380286 0.042017
12 0.0376527 0.0424122
13 0.0372437 0.0428462
14 0.0368017 0.04332
15 0.0363265 0.0438351
16 0.035818 0.0443927
17 0.0352763 0.0449943
18 0.0347013 0.0456417
19 0.034093 0.0463366
20 0.0334515 0.0470809
21 0.0327769 0.0478768
22 0.0320691 0.0487264
23 0.0313285 0.0496323
24 0.0305551 0.0505971
25 0.0297493 0.0516235
26 0.0289114 0.0527147
27 0.0280419 0.0538739
28 0.0271412 0.0551046
29 0.02621 0.0564107
30 0.0252491 0.0577961
31 0.0242594 0.0592653
32 0.023242 0.0608229
33 0.0221981 0.0624741
34 0.0211292 0.0642241
35 0.0200371 0.0660788
36 0.0189238 0.0680444
37 0.0177915 0.0701276
38 0.0166429 0.0723357
39 0.0154811 0.0746763
40 0.0143095 0.0771577
41 0.0131322 0.0797889
42 0.0119537 0.0825794
43 0.0107792 0.0855395
44 0.00961457 0.0886802
45 0.00846646 0.0920134
46 0.00734248 0.0955518
47 0.00625123 0.0993093
48 0.00520241 0.1033
49 0.00420704 0.107541
50 0.00327753 0.112048
51 0.00242793 0.11684
52 0.00167409 0.121937
53 0.00103391 0.127359
54 0.000527566 0.13313
55 0.000177847 0.139273
56 1.04423e-05 0.145816
57 5.43263e-05 0.152786
58 0.000342178 0.160213
59 0.000910857 0.16813
60 0.00180194 0.176571
61 0.00306233 0.185576
62 0.00474495 0.195182
63 0.00690957 0.205434
64 0.00962364 0.216378
65 0.0129634 0.228063
66 0.0170149 0.240542
67 0.0218757 0.253872
68 0.0276559 0.268114
69 0.0344803 0.283331
70 0.0424904 0.299595
71 0.0518465 0.316977
72 0.0627305 0.335558
73 0.0753494 0.355421
74 0.0899384 0.376656
75 0.106765 0.399356
76 0.126135 0.423623
77 0.148397 0.449565
78 0.173948 0.477293
79 0.203246 0.506927
80 0.236814 0.538595
81 0.275252 0.572429
82 0.319253 0.60857
83 0.369614 0.647165
84 0.427258 0.688369
85 0.493254 0.732345
86 0.568843 0.779263
87 0.655473 0.829299
88 0.754831 0.882638
89 0.868898 0.939472
90 1 1
